0.000000
0.000000
0.000000
0.000000
0.000000
0.000000
0.000000
0.000000
0.000000
0.930794
0.018448
0.010448
0.018229
0.008880
0.009073
0.008659
0.008139
0.007834
0.007693
0.007654
0.007925
0.012171
0.011694
0.011912
0.011931
0.012287
0.011843
0.011858
0.012058
0.007818
0.007737
0.007916
0.012475
0.012087
0.007767
0.012385
0.008215
0.012327
0.007857
0.012589
0.013061
0.012416
0.012451
0.021624
0.015496
0.007815
0.007884
0.012402
0.012562
0.007807
0.011453
0.007720
0.007789
0.013129
0.008872
0.007763
0.007840
0.007859
0.015909
0.012574
0.012804
0.014118
0.012638
0.021729
0.013955
0.008014
0.010495
0.013656
0.008253
0.013324
0.007962
0.013028
0.008940
0.007923
0.007879
0.007893
0.007854
0.013296
0.012877
0.013090
0.007800
0.007821
0.013556
0.009189
0.013227
0.013069
0.013110
0.012990
0.007921
0.007902
0.007761
0.013116
0.013012
0.013077
0.013261
0.013051
0.008046
0.007893
0.008218
0.007950
0.007964
0.013205
0.013031
0.007748
0.007927
0.007815
0.007787
0.007812
0.012418
0.013432
0.007808
0.007816
0.013161
0.013334
0.013028
0.013418
0.007947
0.007798
0.007890
0.007938
0.007968
0.013087
0.013221
0.013087
0.013549
0.007896
0.013091
0.007815
0.013412
0.012938
0.007854
0.013226
0.008292
0.007790
0.008585
0.007916
0.007790
0.016497
0.013104
0.012929
0.007726
0.012855
0.008149
0.013025
0.013932
0.013002
0.007838
0.013294
0.007726
0.007803
0.008166
0.007846
0.007867
0.008302
0.007796
0.007884
0.019095
0.013641
0.013094
0.009255
0.016571
0.014360
0.008716
0.013495
0.013086
0.013047
0.014977
0.008159
0.008039
0.007782
0.013187
0.008193
0.007891
0.013110
0.013212
0.007994
0.008601
0.013199
0.007834
0.013072
0.013348
0.013284
0.008591
0.007873
0.007933
0.008784
0.008017
0.007828
0.007886
0.007861
0.013419
0.007931
0.008026
0.007800
0.007856
0.007748
0.007867
0.007984
0.007962
0.007776
0.007825
0.008126
0.007867
0.007840
0.008293
0.007750
0.007974
0.013144
0.013119
0.012998
0.007808
0.007850
0.008130
0.013158
0.013080
0.007854
0.008333
0.007834
0.007792
0.007892
0.007915
0.007771
0.007832
0.007784
0.013451
0.013247
0.013071
0.013302
0.013344
0.013187
0.007833
0.013540
0.013311
0.013021
0.013237
0.013231
0.013168
0.013422
0.013227
0.013247
0.013377
0.013560
0.013206
0.013321
0.013529
0.013470
0.013108
0.013230
0.013295
0.013093
0.013292
0.014024
0.008081
0.011774
0.007809
0.007883
0.008187
0.013330
0.013371
0.013181
0.007824
0.007889
0.014104
0.013148
0.013443
0.013230
0.008266
0.008214
0.007814
0.007892
0.008031
0.008285
0.014338
0.013153
0.018461
0.013063
0.013243
0.009691
0.007755
0.007775
0.007821
0.007829
0.007923
0.007692
0.007906
0.008005
0.008115
0.008559
0.007787
0.007916
0.007721
0.007756
0.007718
0.007715
0.007692
0.007646
0.007730
0.008044
0.007782
0.007792
0.007742
0.008155
0.007834
0.007737
0.007885
0.007736
0.007706
0.007754
0.007720
0.007769
0.007787
0.007833
0.008082
0.007950
0.013135
0.013035
0.013208
0.007998
0.007710
0.007804
