0.000000
0.000000
0.000000
0.000000
0.000000
0.000000
0.000000
0.000000
0.000000
0.967658
0.013173
0.016075
0.016762
0.011567
0.010836
0.017238
0.013650
0.009001
0.008336
0.008272
0.008555
0.011082
0.010496
0.016148
0.010689
0.015824
0.010491
0.010557
0.016475
0.017673
0.011992
0.011819
0.010982
0.011260
0.010484
0.010934
0.010741
0.010621
0.016580
0.010840
0.011789
0.008097
0.008122
0.008121
0.008482
0.008381
0.008178
0.008287
0.008300
0.008186
0.008742
0.011110
0.008769
0.010829
0.009711
0.008455
0.008199
0.008141
0.008153
0.008603
0.008312
0.008142
0.008146
0.008114
0.008201
0.013207
0.012846
0.008429
0.008055
0.009306
0.008148
0.012352
0.010116
0.008198
0.013427
0.012984
0.013010
0.008237
0.008204
0.008122
0.008495
0.008255
0.008575
0.008184
0.009346
0.008183
0.008336
0.008186
0.013113
0.013749
0.008200
0.008263
0.008225
0.008010
0.008061
0.008189
0.008225
0.008401
0.008149
0.008140
0.008147
0.013104
0.014182
0.009099
0.015693
0.009501
0.014492
0.013280
0.013055
0.008255
0.017945
0.017169
0.016610
0.010704
0.017469
0.008669
0.013858
0.009384
0.014180
0.015948
0.008207
0.013377
0.008785
0.013954
0.013245
0.018457
0.013233
0.008502
0.008013
0.010216
0.015942
0.008445
0.008458
0.008672
0.011399
0.008322
0.008212
0.009428
0.008145
0.014506
0.014786
0.008066
0.008069
0.007986
0.007990
0.008505
0.007950
0.007947
0.007980
0.008004
0.008022
0.008030
0.008558
0.008492
0.009460
0.008190
0.008023
0.008452
0.007952
0.008615
0.008675
0.015637
0.008338
0.010087
0.008749
0.008771
0.009760
0.007973
0.008105
0.009051
0.008088
0.008605
0.008399
0.008290
0.008035
0.016470
0.014510
0.019407
0.014829
0.013372
0.013348
0.013337
0.015016
0.013384
0.014263
0.014450
0.013895
0.013208
0.013213
0.013775
0.013340
0.013922
0.013375
0.013306
0.013250
0.013996
0.013228
0.013340
0.013359
0.013466
0.013201
0.010398
0.008032
0.008040
0.008012
0.008363
0.007902
0.007995
0.008089
0.008547
0.008047
0.007962
0.007972
0.008103
0.008032
0.008023
0.007962
0.008430
0.008367
0.007965
0.008023
0.007994
0.007984
0.007978
0.007967
0.008274
0.007887
0.007948
0.007930
0.008054
0.007893
0.007885
0.007853
0.008369
0.014096
0.008000
0.008004
0.007968
0.008020
0.009235
0.008689
0.008064
0.008024
0.008037
0.008738
0.008767
0.008754
0.008247
0.008071
0.008076
0.007912
0.008480
0.010162
0.010731
0.008907
0.008101
0.008482
0.007982
0.008210
0.008939
0.009101
0.008721
0.008001
0.008135
0.008834
0.008659
0.008240
0.014027
0.013356
0.008427
0.014275
0.013497
0.014204
0.008897
0.008741
0.008393
0.008583
0.008240
0.008231
0.008382
0.008157
0.008094
0.008019
0.008231
0.008345
0.013395
0.013386
0.009685
0.008563
0.008991
0.008556
0.008418
0.008439
0.007993
0.007998
0.008030
0.007919
0.008078
0.007959
0.008374
0.008026
0.008316
0.007979
0.008002
0.008141
0.008016
0.008143
0.008070
0.007985
0.007951
0.007848
0.008019
0.008075
0.008003
0.008406
0.008106
0.007940
0.007883
0.007992
0.008232
